Locus  #Genot       Obs.Het.     Exp.Het.   P-value     s.d.  Steps done
------------------------------------------------------------------------
    1       6       0.00000      0.30303    0.09153  0.00028     1001000
    2       6       0.16667      0.16667    1.00000  0.00000     1001000
    3   This locus is monomorphic: no test done.
    4       6       0.16667      0.40909    0.27219  0.00046     1001000
    5   This locus is monomorphic: no test done.
    6       6       0.33333      0.30303    1.00000  0.00000     1001000
    7       6       0.33333      0.48485    1.00000  0.00000     1001000
    8       6       0.16667      0.40909    0.27390  0.00045     1001000
    9       6       0.16667      0.40909    0.27325  0.00044     1001000
   10       6       0.50000      0.40909    1.00000  0.00000     1001000
   11   This locus is monomorphic: no test done.
   12       6       0.16667      0.16667    1.00000  0.00000     1001000
   13       6       0.50000      0.40909    1.00000  0.00000     1001000
   14       6       0.66667      0.54545    1.00000  0.00000     1001000
   15       6       0.33333      0.48485    1.00000  0.00000     1001000
   16       6       0.50000      0.53030    1.00000  0.00000     1001000
   17   This locus is monomorphic: no test done.
   18   This locus is monomorphic: no test done.
   19       6       0.16667      0.53030    0.15115  0.00035     1001000
   20   This locus is monomorphic: no test done.
   21       6       0.16667      0.16667    1.00000  0.00000     1001000
   22   This locus is monomorphic: no test done.
   23       6       0.16667      0.40909    0.27199  0.00045     1001000
   24       6       0.16667      0.16667    1.00000  0.00000     1001000
   25       6       0.00000      0.48485    0.03037  0.00017     1001000
   26       6       0.33333      0.30303    1.00000  0.00000     1001000
   27       6       0.33333      0.30303    1.00000  0.00000     1001000
   28   This locus is monomorphic: no test done.
   29       6       0.16667      0.16667    1.00000  0.00000     1001000
   30       6       0.16667      0.16667    1.00000  0.00000     1001000
   31       6       0.33333      0.30303    1.00000  0.00000     1001000
   32   This locus is monomorphic: no test done.
   33   This locus is monomorphic: no test done.
   34       6       0.16667      0.53030    0.15032  0.00038     1001000
   35       6       0.33333      0.54545    0.48033  0.00050     1001000
   36       6       0.33333      0.30303    1.00000  0.00000     1001000
   37       6       0.33333      0.30303    1.00000  0.00000     1001000
   38       6       0.16667      0.16667    1.00000  0.00000     1001000
   39       6       0.33333      0.54545    0.47970  0.00050     1001000
   40       6       0.33333      0.48485    1.00000  0.00000     1001000
   41   This locus is monomorphic: no test done.
   42       6       0.16667      0.40909    0.27215  0.00045     1001000
   43       6       0.33333      0.30303    1.00000  0.00000     1001000
   44       6       0.16667      0.40909    0.27297  0.00044     1001000
   45       6       0.16667      0.16667    1.00000  0.00000     1001000
   46   This locus is monomorphic: no test done.
   47       6       0.33333      0.48485    1.00000  0.00000     1001000
   48       6       0.33333      0.30303    1.00000  0.00000     1001000
   49   This locus is monomorphic: no test done.
   50   This locus is monomorphic: no test done.
   51       6       0.16667      0.40909    0.27213  0.00043     1001000
   52   This locus is monomorphic: no test done.
   53       6       0.16667      0.40909    0.27310  0.00045     1001000
   54   This locus is monomorphic: no test done.
   55       6       0.33333      0.30303    1.00000  0.00000     1001000
   56       6       0.33333      0.30303    1.00000  0.00000     1001000
   57       6       0.00000      0.48485    0.03073  0.00017     1001000
   58       6       0.16667      0.40909    0.27270  0.00046     1001000
   59   This locus is monomorphic: no test done.
   60       6       0.33333      0.30303    1.00000  0.00000     1001000
   61   This locus is monomorphic: no test done.
   62   This locus is monomorphic: no test done.
   63       6       0.50000      0.40909    1.00000  0.00000     1001000
   64       6       0.33333      0.48485    1.00000  0.00000     1001000
   65       6       0.16667      0.53030    0.15235  0.00035     1001000
   66       6       0.00000      0.48485    0.03067  0.00017     1001000
   67   This locus is monomorphic: no test done.
   68       6       0.50000      0.40909    1.00000  0.00000     1001000
   69       6       0.33333      0.30303    1.00000  0.00000     1001000
   70   This locus is monomorphic: no test done.
   71       6       0.16667      0.40909    0.27262  0.00046     1001000
   72       6       0.16667      0.40909    0.27318  0.00044     1001000
   73       6       0.33333      0.30303    1.00000  0.00000     1001000
   74       6       0.33333      0.30303    1.00000  0.00000     1001000
   75       6       0.16667      0.40909    0.27295  0.00045     1001000
   76   This locus is monomorphic: no test done.
   77       6       0.66667      0.54545    1.00000  0.00000     1001000
   78       6       0.16667      0.40909    0.27184  0.00046     1001000
   79       6       0.16667      0.16667    1.00000  0.00000     1001000
   80       6       0.16667      0.53030    0.15149  0.00035     1001000
   81   This locus is monomorphic: no test done.
   82       6       0.16667      0.40909    0.27328  0.00045     1001000
   83       6       0.33333      0.54545    0.48114  0.00051     1001000
   84   This locus is monomorphic: no test done.
   85       6       0.33333      0.30303    1.00000  0.00000     1001000
   86       6       0.33333      0.30303    1.00000  0.00000     1001000
   87       6       0.33333      0.48485    1.00000  0.00000     1001000
   88       6       0.33333      0.54545    0.48134  0.00050     1001000
   89       6       0.50000      0.40909    1.00000  0.00000     1001000
   90   This locus is monomorphic: no test done.
   91       6       0.16667      0.40909    0.27375  0.00045     1001000
   92       6       0.33333      0.30303    1.00000  0.00000     1001000
   93   This locus is monomorphic: no test done.
   94       6       0.66667      0.48485    1.00000  0.00000     1001000
   95       6       0.00000      0.30303    0.09144  0.00029     1001000
   96       6       0.33333      0.30303    1.00000  0.00000     1001000
   97       6       0.33333      0.30303    1.00000  0.00000     1001000
   98   This locus is monomorphic: no test done.
   99       6       0.33333      0.30303    1.00000  0.00000     1001000
  100       6       0.33333      0.30303    1.00000  0.00000     1001000
  101       6       0.33333      0.30303    1.00000  0.00000     1001000
  102   This locus is monomorphic: no test done.
  103       6       0.33333      0.30303    1.00000  0.00000     1001000
  104   This locus is monomorphic: no test done.
  105       6       0.33333      0.48485    1.00000  0.00000     1001000
  106       6       0.33333      0.30303    1.00000  0.00000     1001000
  107   This locus is monomorphic: no test done.
  108   This locus is monomorphic: no test done.
  109       6       0.00000      0.48485    0.03006  0.00017     1001000
  110       6       0.33333      0.48485    1.00000  0.00000     1001000
  111       6       0.33333      0.30303    1.00000  0.00000     1001000
  112       6       0.33333      0.30303    1.00000  0.00000     1001000
  113       6       0.33333      0.30303    1.00000  0.00000     1001000
  114       6       0.16667      0.40909    0.27300  0.00043     1001000
  115       6       0.16667      0.16667    1.00000  0.00000     1001000
  116       6       0.50000      0.40909    1.00000  0.00000     1001000
  117       6       0.16667      0.16667    1.00000  0.00000     1001000
  118       6       0.33333      0.30303    1.00000  0.00000     1001000
  119       6       0.33333      0.30303    1.00000  0.00000     1001000
  120       6       0.66667      0.48485    1.00000  0.00000     1001000
  121       6       0.33333      0.30303    1.00000  0.00000     1001000
  122       6       0.16667      0.53030    0.15119  0.00035     1001000
  123       6       0.16667      0.40909    0.27333  0.00044     1001000
  124       6       0.33333      0.30303    1.00000  0.00000     1001000
  125       6       0.00000      0.48485    0.03065  0.00018     1001000
  126       6       0.16667      0.40909    0.27272  0.00045     1001000
  127       6       0.16667      0.40909    0.27264  0.00044     1001000
  128   This locus is monomorphic: no test done.
  129       6       0.66667      0.54545    1.00000  0.00000     1001000
  130   This locus is monomorphic: no test done.
  131       6       0.00000      0.30303    0.09057  0.00028     1001000
  132       6       0.33333      0.48485    1.00000  0.00000     1001000
  133       6       0.33333      0.30303    1.00000  0.00000     1001000
  134       6       0.16667      0.40909    0.27260  0.00044     1001000
  135       6       0.16667      0.40909    0.27274  0.00046     1001000
  136       6       0.33333      0.30303    1.00000  0.00000     1001000
  137       6       0.16667      0.40909    0.27306  0.00046     1001000
  138   This locus is monomorphic: no test done.
  139       6       0.50000      0.40909    1.00000  0.00000     1001000
  140       6       0.00000      0.48485    0.03030  0.00017     1001000
  141       6       0.00000      0.30303    0.09055  0.00028     1001000
  142       6       0.50000      0.40909    1.00000  0.00000     1001000
  143   This locus is monomorphic: no test done.
  144   This locus is monomorphic: no test done.
  145       6       0.50000      0.53030    1.00000  0.00000     1001000
  146       6       0.33333      0.48485    1.00000  0.00000     1001000
  147       6       0.33333      0.30303    1.00000  0.00000     1001000
  148       6       0.33333      0.48485    1.00000  0.00000     1001000
  149       6       0.50000      0.40909    1.00000  0.00000     1001000
  150       6       0.16667      0.16667    1.00000  0.00000     1001000
  151       6       0.00000      0.30303    0.09062  0.00029     1001000
  152       6       0.16667      0.40909    0.27279  0.00044     1001000
  153       6       0.33333      0.30303    1.00000  0.00000     1001000
  154       6       0.33333      0.48485    1.00000  0.00000     1001000
  155       6       0.33333      0.30303    1.00000  0.00000     1001000
  156   This locus is monomorphic: no test done.
  157       6       0.16667      0.16667    1.00000  0.00000     1001000
  158   This locus is monomorphic: no test done.
  159   This locus is monomorphic: no test done.
  160       6       0.16667      0.16667    1.00000  0.00000     1001000
  161       6       0.33333      0.30303    1.00000  0.00000     1001000
  162       6       0.16667      0.16667    1.00000  0.00000     1001000
  163       6       0.33333      0.30303    1.00000  0.00000     1001000
  164       6       0.50000      0.53030    1.00000  0.00000     1001000
  165       6       0.33333      0.30303    1.00000  0.00000     1001000
  166       6       0.16667      0.40909    0.27252  0.00044     1001000
  167       6       0.00000      0.48485    0.03057  0.00018     1001000
  168       6       0.16667      0.53030    0.15213  0.00036     1001000
  169   This locus is monomorphic: no test done.
  170       6       0.50000      0.40909    1.00000  0.00000     1001000
  171       6       0.33333      0.30303    1.00000  0.00000     1001000
  172       6       0.16667      0.40909    0.27258  0.00045     1001000
  173       6       0.33333      0.48485    1.00000  0.00000     1001000
  174       6       0.16667      0.40909    0.27383  0.00044     1001000
  175       6       0.33333      0.48485    1.00000  0.00000     1001000
  176       6       0.16667      0.16667    1.00000  0.00000     1001000
  177       6       0.16667      0.16667    1.00000  0.00000     1001000
  178       6       0.16667      0.16667    1.00000  0.00000     1001000
  179       6       0.33333      0.30303    1.00000  0.00000     1001000
  180       6       0.33333      0.30303    1.00000  0.00000     1001000
  181   This locus is monomorphic: no test done.
  182   This locus is monomorphic: no test done.
  183       6       0.16667      0.16667    1.00000  0.00000     1001000
  184       6       0.50000      0.53030    1.00000  0.00000     1001000
  185       6       0.33333      0.48485    1.00000  0.00000     1001000
  186       6       0.16667      0.40909    0.27295  0.00045     1001000
  187   This locus is monomorphic: no test done.
  188       6       0.00000      0.54545    0.02146  0.00014     1001000
  189       6       0.33333      0.30303    1.00000  0.00000     1001000
  190       6       0.16667      0.40909    0.27215  0.00043     1001000
  191       6       0.33333      0.30303    1.00000  0.00000     1001000
  192       6       0.16667      0.40909    0.27345  0.00047     1001000
  193       6       0.16667      0.16667    1.00000  0.00000     1001000
  194       6       0.33333      0.30303    1.00000  0.00000     1001000
  195       6       0.33333      0.30303    1.00000  0.00000     1001000
  196   This locus is monomorphic: no test done.
  197       6       0.16667      0.40909    0.27194  0.00045     1001000
  198       6       0.16667      0.16667    1.00000  0.00000     1001000
  199       6       0.50000      0.40909    1.00000  0.00000     1001000
  200       6       0.16667      0.16667    1.00000  0.00000     1001000
  201   This locus is monomorphic: no test done.
  202       6       0.50000      0.40909    1.00000  0.00000     1001000
  203       6       0.33333      0.30303    1.00000  0.00000     1001000
  204       6       0.33333      0.30303    1.00000  0.00000     1001000
  205       6       0.33333      0.30303    1.00000  0.00000     1001000
  206       6       0.33333      0.30303    1.00000  0.00000     1001000
  207       6       0.66667      0.48485    1.00000  0.00000     1001000
  208       6       0.33333      0.30303    1.00000  0.00000     1001000
  209       6       0.16667      0.16667    1.00000  0.00000     1001000
  210   This locus is monomorphic: no test done.
  211       6       0.33333      0.30303    1.00000  0.00000     1001000
  212       6       0.16667      0.16667    1.00000  0.00000     1001000
  213       6       0.66667      0.48485    1.00000  0.00000     1001000
  214       6       0.16667      0.16667    1.00000  0.00000     1001000
  215       6       0.33333      0.30303    1.00000  0.00000     1001000
  216   This locus is monomorphic: no test done.
  217       6       0.33333      0.30303    1.00000  0.00000     1001000
  218       6       0.16667      0.40909    0.27351  0.00044     1001000
  219       6       0.33333      0.30303    1.00000  0.00000     1001000
  220       6       0.50000      0.40909    1.00000  0.00000     1001000
  221       6       0.33333      0.30303    1.00000  0.00000     1001000
  222       6       0.16667      0.40909    0.27315  0.00044     1001000
  223       6       0.33333      0.30303    1.00000  0.00000     1001000
  224       6       0.16667      0.40909    0.27225  0.00043     1001000
  225       6       0.16667      0.16667    1.00000  0.00000     1001000
  226   This locus is monomorphic: no test done.
  227       6       0.50000      0.40909    1.00000  0.00000     1001000
  228   This locus is monomorphic: no test done.
  229       6       0.50000      0.40909    1.00000  0.00000     1001000
  230       6       0.16667      0.16667    1.00000  0.00000     1001000
  231       6       0.33333      0.30303    1.00000  0.00000     1001000
  232   This locus is monomorphic: no test done.
  233       6       0.33333      0.30303    1.00000  0.00000     1001000
  234       6       0.33333      0.48485    1.00000  0.00000     1001000
  235   This locus is monomorphic: no test done.
  236       6       0.33333      0.30303    1.00000  0.00000     1001000
  237       6       0.16667      0.40909    0.27209  0.00044     1001000
  238       6       0.33333      0.54545    0.47999  0.00053     1001000
  239       6       0.00000      0.48485    0.03027  0.00017     1001000
  240       6       0.50000      0.40909    1.00000  0.00000     1001000
  241       6       0.33333      0.30303    1.00000  0.00000     1001000
  242       6       0.33333      0.48485    1.00000  0.00000     1001000
  243       6       0.66667      0.48485    1.00000  0.00000     1001000
  244       6       0.16667      0.16667    1.00000  0.00000     1001000
  245   This locus is monomorphic: no test done.
  246   This locus is monomorphic: no test done.
  247       6       0.16667      0.40909    0.27255  0.00044     1001000
  248       6       0.16667      0.40909    0.27236  0.00044     1001000
  249   This locus is monomorphic: no test done.
  250       6       0.33333      0.30303    1.00000  0.00000     1001000
  251       6       0.66667      0.48485    1.00000  0.00000     1001000
  252       6       0.33333      0.30303    1.00000  0.00000     1001000
  253       6       0.00000      0.30303    0.09095  0.00028     1001000
  254       6       0.33333      0.30303    1.00000  0.00000     1001000
  255       6       0.33333      0.30303    1.00000  0.00000     1001000
  256       6       0.33333      0.48485    1.00000  0.00000     1001000
  257       6       0.16667      0.16667    1.00000  0.00000     1001000
  258       6       0.33333      0.30303    1.00000  0.00000     1001000
  259   This locus is monomorphic: no test done.
  260       6       0.33333      0.30303    1.00000  0.00000     1001000
  261       6       0.33333      0.48485    1.00000  0.00000     1001000
  262       6       0.16667      0.16667    1.00000  0.00000     1001000
  263       6       0.00000      0.48485    0.03018  0.00017     1001000
  264       6       0.50000      0.40909    1.00000  0.00000     1001000
  265       6       0.16667      0.16667    1.00000  0.00000     1001000
  266       6       0.00000      0.30303    0.09110  0.00028     1001000
  267   This locus is monomorphic: no test done.
  268   This locus is monomorphic: no test done.
  269   This locus is monomorphic: no test done.
  270       6       0.50000      0.40909    1.00000  0.00000     1001000
  271   This locus is monomorphic: no test done.
  272       6       0.16667      0.53030    0.15196  0.00037     1001000
  273       6       0.16667      0.40909    0.27375  0.00044     1001000
  274   This locus is monomorphic: no test done.
  275   This locus is monomorphic: no test done.
  276       6       0.16667      0.40909    0.27153  0.00043     1001000
  277       6       0.50000      0.40909    1.00000  0.00000     1001000
  278       6       0.66667      0.54545    1.00000  0.00000     1001000
  279       6       0.66667      0.48485    1.00000  0.00000     1001000
  280       6       0.33333      0.30303    1.00000  0.00000     1001000
  281       6       0.50000      0.40909    1.00000  0.00000     1001000
  282       6       0.33333      0.30303    1.00000  0.00000     1001000